----------------------------------
2 Vertices Test
--------
2
0 0
1 1
----------------------------------
3 Vertices Test
--------
2
0 1
1 0
2 1
----------------------------------
4 Vertices Test
--------
3
0 2
1 0
2 0
3 1
----------------------------------
5 Vertices Test
--------
3
0 0
1 1
2 2
3 2
4 2
----------------------------------
6 Vertices Test
--------
3
0 0
1 1
2 2
3 0
4 2
5 1
----------------------------------
7 Vertices Test
--------
3
0 2
1 0
2 1
3 0
4 1
5 2
6 1
----------------------------------
8 Vertices Test
--------
3
0 2
1 0
2 0
3 1
4 2
5 1
6 0
7 1
----------------------------------
9 Vertices Test
--------
3
0 1
1 0
2 0
3 2
4 1
5 2
6 1
7 0
8 0
----------------------------------
10 Vertices Test
--------
